% This file was created with tikzplotlib v0.10.1.
\begin{tikzpicture}

\definecolor{lightgray204}{RGB}{204,204,204}
\definecolor{steelblue75129196}{RGB}{75,129,196}
\definecolor{tomato2369992}{RGB}{236,99,92}

\begin{groupplot}[group style={group size=3 by 1}]
\nextgroupplot[
legend cell align={left},
legend style={fill opacity=0.8, draw opacity=1, text opacity=1, draw=lightgray204},
tick pos=left,
title={Underfitting},
xlabel={x},
xmin=0, xmax=1,
ylabel={y},
ymin=-2, ymax=2
]
\addplot [draw=blue, fill=tomato2369992, mark=*, only marks]
table{%
x  y
0.0202183974403257 1.08190820345713
0.0710360581978869 0.870276122198401
0.0871292997015407 1.14386208296408
0.118274425868933 0.703220512211603
0.143353287409046 0.784947463196946
0.383441518825778 -0.252659444472717
0.414661939990524 -0.220660626354672
0.423654799338905 -0.265958668997659
0.437587211262693 -0.456264400611467
0.461479362252932 -0.530019272706821
0.521848321750072 -0.864814490295961
0.528894919752904 -0.994626747097012
0.544883182996897 -0.874586034457323
0.548813503927325 -0.834070544957313
0.568044561093932 -0.770906492007049
0.602763376071644 -0.834761832158033
0.639921021327524 -1.03080066804365
0.645894113066656 -1.02544303475765
0.715189366372419 -1.07882679779972
0.77815675094985 -1.00713288245781
0.780529176286455 -1.03009698244867
0.791725038082665 -0.636239221278567
0.799158564216724 -0.86230651657134
0.832619845547938 -0.753287667122276
0.870012148246819 -0.700237950272853
0.89177300078208 -0.41043494755897
0.925596638292661 -0.504867666285816
0.944668917049584 -0.279071170018378
0.963662760501029 -0.259946277008817
0.978618342232764 -0.0618980362186229
};
\addlegendentry{Samples}
\addplot [semithick, tomato2369992]
table {%
0 0.536680330317873
0.0101010101010101 0.520424655656648
0.0202020202020202 0.504168980995424
0.0303030303030303 0.487913306334199
0.0404040404040404 0.471657631672975
0.0505050505050505 0.45540195701175
0.0606060606060606 0.439146282350526
0.0707070707070707 0.422890607689301
0.0808080808080808 0.406634933028077
0.0909090909090909 0.390379258366852
0.101010101010101 0.374123583705628
0.111111111111111 0.357867909044403
0.121212121212121 0.341612234383179
0.131313131313131 0.325356559721954
0.141414141414141 0.309100885060729
0.151515151515152 0.292845210399505
0.161616161616162 0.27658953573828
0.171717171717172 0.260333861077056
0.181818181818182 0.244078186415831
0.191919191919192 0.227822511754607
0.202020202020202 0.211566837093382
0.212121212121212 0.195311162432158
0.222222222222222 0.179055487770933
0.232323232323232 0.162799813109709
0.242424242424242 0.146544138448484
0.252525252525253 0.13028846378726
0.262626262626263 0.114032789126035
0.272727272727273 0.0977771144648105
0.282828282828283 0.0815214398035859
0.292929292929293 0.0652657651423615
0.303030303030303 0.049010090481137
0.313131313131313 0.0327544158199125
0.323232323232323 0.0164987411586879
0.333333333333333 0.000243066497463307
0.343434343434343 -0.0160126081637613
0.353535353535354 -0.0322682828249857
0.363636363636364 -0.0485239574862102
0.373737373737374 -0.0647796321474348
0.383838383838384 -0.0810353068086593
0.393939393939394 -0.0972909814698839
0.404040404040404 -0.113546656131108
0.414141414141414 -0.129802330792333
0.424242424242424 -0.146058005453557
0.434343434343434 -0.162313680114782
0.444444444444444 -0.178569354776007
0.454545454545455 -0.194825029437231
0.464646464646465 -0.211080704098456
0.474747474747475 -0.22733637875968
0.484848484848485 -0.243592053420905
0.494949494949495 -0.259847728082129
0.505050505050505 -0.276103402743354
0.515151515151515 -0.292359077404578
0.525252525252525 -0.308614752065803
0.535353535353535 -0.324870426727027
0.545454545454546 -0.341126101388252
0.555555555555556 -0.357381776049476
0.565656565656566 -0.373637450710701
0.575757575757576 -0.389893125371925
0.585858585858586 -0.40614880003315
0.595959595959596 -0.422404474694374
0.606060606060606 -0.438660149355599
0.616161616161616 -0.454915824016824
0.626262626262626 -0.471171498678048
0.636363636363636 -0.487427173339273
0.646464646464647 -0.503682848000497
0.656565656565657 -0.519938522661722
0.666666666666667 -0.536194197322946
0.676767676767677 -0.552449871984171
0.686868686868687 -0.568705546645395
0.696969696969697 -0.58496122130662
0.707070707070707 -0.601216895967844
0.717171717171717 -0.617472570629069
0.727272727272727 -0.633728245290293
0.737373737373737 -0.649983919951518
0.747474747474748 -0.666239594612742
0.757575757575758 -0.682495269273967
0.767676767676768 -0.698750943935192
0.777777777777778 -0.715006618596416
0.787878787878788 -0.731262293257641
0.797979797979798 -0.747517967918865
0.808080808080808 -0.76377364258009
0.818181818181818 -0.780029317241314
0.828282828282828 -0.796284991902539
0.838383838383838 -0.812540666563763
0.848484848484849 -0.828796341224988
0.858585858585859 -0.845052015886212
0.868686868686869 -0.861307690547437
0.878787878787879 -0.877563365208661
0.888888888888889 -0.893819039869886
0.898989898989899 -0.910074714531111
0.909090909090909 -0.926330389192335
0.919191919191919 -0.942586063853559
0.929292929292929 -0.958841738514784
0.939393939393939 -0.975097413176009
0.94949494949495 -0.991353087837233
0.95959595959596 -1.00760876249846
0.96969696969697 -1.02386443715968
0.97979797979798 -1.04012011182091
0.98989898989899 -1.05637578648213
1 -1.07263146114336
};
\addlegendentry{Modell}
\addplot [semithick, steelblue75129196, dashed]
table {%
0 1
0.0101010101010101 0.998867339183008
0.0202020202020202 0.995471922573085
0.0303030303030303 0.989821441880933
0.0404040404040404 0.981928697262707
0.0505050505050505 0.971811568323542
0.0606060606060606 0.959492973614497
0.0707070707070707 0.945000818714668
0.0808080808080808 0.928367933016073
0.0909090909090909 0.909631995354518
0.101010101010101 0.888835448654923
0.111111111111111 0.866025403784439
0.121212121212121 0.841253532831181
0.131313131313131 0.814575952050336
0.141414141414141 0.786053094742787
0.151515151515152 0.755749574354258
0.161616161616162 0.72373403810507
0.171717171717172 0.690079011482112
0.181818181818182 0.654860733945285
0.191919191919192 0.618158986220605
0.202020202020202 0.580056909571198
0.212121212121212 0.540640817455598
0.222222222222222 0.5
0.232323232323232 0.45822652172741
0.242424242424242 0.415415013001886
0.252525252525253 0.371662455660328
0.262626262626263 0.327067963317422
0.272727272727273 0.28173255684143
0.282828282828283 0.235758935509427
0.292929292929293 0.18925124436041
0.303030303030303 0.142314838273285
0.313131313131313 0.0950560433041826
0.323232323232323 0.0475819158237422
0.333333333333333 -1.60812264967664e-16
0.343434343434343 -0.0475819158237425
0.353535353535354 -0.0950560433041829
0.363636363636364 -0.142314838273285
0.373737373737374 -0.18925124436041
0.383838383838384 -0.235758935509427
0.393939393939394 -0.28173255684143
0.404040404040404 -0.327067963317422
0.414141414141414 -0.371662455660328
0.424242424242424 -0.415415013001886
0.434343434343434 -0.45822652172741
0.444444444444444 -0.5
0.454545454545455 -0.540640817455598
0.464646464646465 -0.580056909571198
0.474747474747475 -0.618158986220605
0.484848484848485 -0.654860733945285
0.494949494949495 -0.690079011482112
0.505050505050505 -0.72373403810507
0.515151515151515 -0.755749574354258
0.525252525252525 -0.786053094742788
0.535353535353535 -0.814575952050336
0.545454545454546 -0.841253532831181
0.555555555555556 -0.866025403784439
0.565656565656566 -0.888835448654924
0.575757575757576 -0.909631995354518
0.585858585858586 -0.928367933016073
0.595959595959596 -0.945000818714669
0.606060606060606 -0.959492973614497
0.616161616161616 -0.971811568323542
0.626262626262626 -0.981928697262707
0.636363636363636 -0.989821441880933
0.646464646464647 -0.995471922573085
0.656565656565657 -0.998867339183008
0.666666666666667 -1
0.676767676767677 -0.998867339183008
0.686868686868687 -0.995471922573085
0.696969696969697 -0.989821441880933
0.707070707070707 -0.981928697262707
0.717171717171717 -0.971811568323542
0.727272727272727 -0.959492973614497
0.737373737373737 -0.945000818714668
0.747474747474748 -0.928367933016073
0.757575757575758 -0.909631995354518
0.767676767676768 -0.888835448654923
0.777777777777778 -0.866025403784439
0.787878787878788 -0.841253532831181
0.797979797979798 -0.814575952050336
0.808080808080808 -0.786053094742787
0.818181818181818 -0.755749574354258
0.828282828282828 -0.72373403810507
0.838383838383838 -0.690079011482112
0.848484848484849 -0.654860733945285
0.858585858585859 -0.618158986220605
0.868686868686869 -0.580056909571198
0.878787878787879 -0.540640817455597
0.888888888888889 -0.5
0.898989898989899 -0.45822652172741
0.909090909090909 -0.415415013001886
0.919191919191919 -0.371662455660327
0.929292929292929 -0.327067963317421
0.939393939393939 -0.28173255684143
0.94949494949495 -0.235758935509427
0.95959595959596 -0.18925124436041
0.96969696969697 -0.142314838273285
0.97979797979798 -0.0950560433041825
0.98989898989899 -0.0475819158237419
1 -1.83697019872103e-16
};
\addlegendentry{Reale Funktion}

\nextgroupplot[
legend cell align={left},
legend style={fill opacity=0.8, draw opacity=1, text opacity=1, draw=lightgray204},
tick pos=left,
title={Optimal},
xlabel={x},
xmin=0, xmax=1,
ylabel={y},
ymin=-2, ymax=2
]
\addplot [draw=blue, fill=tomato2369992, mark=*, only marks]
table{%
x  y
0.0202183974403257 1.08190820345713
0.0710360581978869 0.870276122198401
0.0871292997015407 1.14386208296408
0.118274425868933 0.703220512211603
0.143353287409046 0.784947463196946
0.383441518825778 -0.252659444472717
0.414661939990524 -0.220660626354672
0.423654799338905 -0.265958668997659
0.437587211262693 -0.456264400611467
0.461479362252932 -0.530019272706821
0.521848321750072 -0.864814490295961
0.528894919752904 -0.994626747097012
0.544883182996897 -0.874586034457323
0.548813503927325 -0.834070544957313
0.568044561093932 -0.770906492007049
0.602763376071644 -0.834761832158033
0.639921021327524 -1.03080066804365
0.645894113066656 -1.02544303475765
0.715189366372419 -1.07882679779972
0.77815675094985 -1.00713288245781
0.780529176286455 -1.03009698244867
0.791725038082665 -0.636239221278567
0.799158564216724 -0.86230651657134
0.832619845547938 -0.753287667122276
0.870012148246819 -0.700237950272853
0.89177300078208 -0.41043494755897
0.925596638292661 -0.504867666285816
0.944668917049584 -0.279071170018378
0.963662760501029 -0.259946277008817
0.978618342232764 -0.0618980362186229
};
\addlegendentry{Samples}
\addplot [semithick, tomato2369992]
table {%
0 1.03107515472914
0.0101010101010101 1.0340069600711
0.0202020202020202 1.03345344699616
0.0303030303030303 1.02955778261847
0.0404040404040404 1.02246131945412
0.0505050505050505 1.01230359542108
0.0606060606060606 0.999222333839206
0.0707070707070707 0.983353443430289
0.0808080808080808 0.964831018318001
0.0909090909090909 0.94378733802792
0.101010101010101 0.920352867487522
0.111111111111111 0.89465625702619
0.121212121212121 0.866824342375203
0.131313131313131 0.836982144667744
0.141414141414141 0.805252870438897
0.151515151515152 0.771757911625648
0.161616161616162 0.736616845566882
0.171717171717172 0.699947435003387
0.181818181818182 0.661865628077852
0.191919191919192 0.622485558334867
0.202020202020202 0.581919544720924
0.212121212121212 0.540278091584415
0.222222222222222 0.497669888675635
0.232323232323232 0.454201811146778
0.242424242424242 0.409978919551943
0.252525252525253 0.365104459847126
0.262626262626263 0.319679863390226
0.272727272727273 0.273804746941045
0.282828282828283 0.227576912661283
0.292929292929293 0.181092348114545
0.303030303030303 0.134445226266334
0.313131313131313 0.0877279054840561
0.323232323232323 0.041030929537018
0.333333333333333 -0.00555697240357134
0.343434343434343 -0.0519488857646031
0.353535353535354 -0.098059710571067
0.363636363636364 -0.143806161446048
0.373737373737374 -0.189106767610737
0.383838383838384 -0.233881872884417
0.393939393939394 -0.278053635684472
0.404040404040404 -0.321546029026385
0.414141414141414 -0.364284840523738
0.424242424242424 -0.406197672388211
0.434343434343434 -0.447213941429582
0.444444444444444 -0.487264879055729
0.454545454545455 -0.526283531272629
0.464646464646465 -0.564204758684356
0.474747474747475 -0.600965236493085
0.484848484848485 -0.636503454499088
0.494949494949495 -0.670759717100735
0.505050505050505 -0.703676143294497
0.515151515151515 -0.735196666674945
0.525252525252525 -0.76526703543474
0.535353535353535 -0.793834812364653
0.545454545454546 -0.820849374853549
0.555555555555556 -0.846261914888391
0.565656565656566 -0.870025439054237
0.575757575757576 -0.892094768534253
0.585858585858586 -0.912426539109695
0.595959595959596 -0.930979201159925
0.606060606060606 -0.947713019662395
0.616161616161616 -0.962590074192667
0.626262626262626 -0.975574258924389
0.636363636363636 -0.98663128262932
0.646464646464647 -0.995728668677308
0.656565656565657 -1.00283575503631
0.666666666666667 -1.00792369427236
0.676767676767677 -1.01096545354962
0.686868686868687 -1.01193581463033
0.696969696969697 -1.01081137387484
0.707070707070707 -1.0075705422416
0.717171717171717 -1.00219354528714
0.727272727272727 -0.994662423166104
0.737373737373737 -0.984961030631234
0.747474747474748 -0.973075037033376
0.757575757575758 -0.958991926321457
0.767676767676768 -0.942700997042519
0.777777777777778 -0.924193362341698
0.787878787878788 -0.903461949962222
0.797979797979798 -0.880501502245432
0.808080808080808 -0.855308576130752
0.818181818181818 -0.827881543155716
0.828282828282828 -0.798220589455952
0.838383838383838 -0.766327715765185
0.848484848484849 -0.732206737415246
0.858585858585859 -0.695863284336053
0.868686868686869 -0.657304801055638
0.878787878787879 -0.616540546700116
0.888888888888889 -0.573581594993713
0.898989898989899 -0.528440834258743
0.909090909090909 -0.48113296741563
0.919191919191919 -0.431674511982888
0.929292929292929 -0.380083800077131
0.939393939393939 -0.326380978413081
0.94949494949495 -0.270588008303542
0.95959595959596 -0.212728665659434
0.96969696969697 -0.152828540989763
0.97979797979798 -0.0909150394016371
0.98989898989899 -0.0270173806002745
1 0.0388334011110338
};
\addlegendentry{Modell}
\addplot [semithick, steelblue75129196, dashed]
table {%
0 1
0.0101010101010101 0.998867339183008
0.0202020202020202 0.995471922573085
0.0303030303030303 0.989821441880933
0.0404040404040404 0.981928697262707
0.0505050505050505 0.971811568323542
0.0606060606060606 0.959492973614497
0.0707070707070707 0.945000818714668
0.0808080808080808 0.928367933016073
0.0909090909090909 0.909631995354518
0.101010101010101 0.888835448654923
0.111111111111111 0.866025403784439
0.121212121212121 0.841253532831181
0.131313131313131 0.814575952050336
0.141414141414141 0.786053094742787
0.151515151515152 0.755749574354258
0.161616161616162 0.72373403810507
0.171717171717172 0.690079011482112
0.181818181818182 0.654860733945285
0.191919191919192 0.618158986220605
0.202020202020202 0.580056909571198
0.212121212121212 0.540640817455598
0.222222222222222 0.5
0.232323232323232 0.45822652172741
0.242424242424242 0.415415013001886
0.252525252525253 0.371662455660328
0.262626262626263 0.327067963317422
0.272727272727273 0.28173255684143
0.282828282828283 0.235758935509427
0.292929292929293 0.18925124436041
0.303030303030303 0.142314838273285
0.313131313131313 0.0950560433041826
0.323232323232323 0.0475819158237422
0.333333333333333 -1.60812264967664e-16
0.343434343434343 -0.0475819158237425
0.353535353535354 -0.0950560433041829
0.363636363636364 -0.142314838273285
0.373737373737374 -0.18925124436041
0.383838383838384 -0.235758935509427
0.393939393939394 -0.28173255684143
0.404040404040404 -0.327067963317422
0.414141414141414 -0.371662455660328
0.424242424242424 -0.415415013001886
0.434343434343434 -0.45822652172741
0.444444444444444 -0.5
0.454545454545455 -0.540640817455598
0.464646464646465 -0.580056909571198
0.474747474747475 -0.618158986220605
0.484848484848485 -0.654860733945285
0.494949494949495 -0.690079011482112
0.505050505050505 -0.72373403810507
0.515151515151515 -0.755749574354258
0.525252525252525 -0.786053094742788
0.535353535353535 -0.814575952050336
0.545454545454546 -0.841253532831181
0.555555555555556 -0.866025403784439
0.565656565656566 -0.888835448654924
0.575757575757576 -0.909631995354518
0.585858585858586 -0.928367933016073
0.595959595959596 -0.945000818714669
0.606060606060606 -0.959492973614497
0.616161616161616 -0.971811568323542
0.626262626262626 -0.981928697262707
0.636363636363636 -0.989821441880933
0.646464646464647 -0.995471922573085
0.656565656565657 -0.998867339183008
0.666666666666667 -1
0.676767676767677 -0.998867339183008
0.686868686868687 -0.995471922573085
0.696969696969697 -0.989821441880933
0.707070707070707 -0.981928697262707
0.717171717171717 -0.971811568323542
0.727272727272727 -0.959492973614497
0.737373737373737 -0.945000818714668
0.747474747474748 -0.928367933016073
0.757575757575758 -0.909631995354518
0.767676767676768 -0.888835448654923
0.777777777777778 -0.866025403784439
0.787878787878788 -0.841253532831181
0.797979797979798 -0.814575952050336
0.808080808080808 -0.786053094742787
0.818181818181818 -0.755749574354258
0.828282828282828 -0.72373403810507
0.838383838383838 -0.690079011482112
0.848484848484849 -0.654860733945285
0.858585858585859 -0.618158986220605
0.868686868686869 -0.580056909571198
0.878787878787879 -0.540640817455597
0.888888888888889 -0.5
0.898989898989899 -0.45822652172741
0.909090909090909 -0.415415013001886
0.919191919191919 -0.371662455660327
0.929292929292929 -0.327067963317421
0.939393939393939 -0.28173255684143
0.94949494949495 -0.235758935509427
0.95959595959596 -0.18925124436041
0.96969696969697 -0.142314838273285
0.97979797979798 -0.0950560433041825
0.98989898989899 -0.0475819158237419
1 -1.83697019872103e-16
};
\addlegendentry{Reale Funktion}

\nextgroupplot[
legend cell align={left},
legend style={fill opacity=0.8, draw opacity=1, text opacity=1, draw=lightgray204},
tick pos=left,
title={Overfitting},
xlabel={x},
xmin=0, xmax=1,
ylabel={y},
ymin=-2, ymax=2
]
\addplot [draw=blue, fill=tomato2369992, mark=*, only marks]
table{%
x  y
0.0202183974403257 1.08190820345713
0.0710360581978869 0.870276122198401
0.0871292997015407 1.14386208296408
0.118274425868933 0.703220512211603
0.143353287409046 0.784947463196946
0.383441518825778 -0.252659444472717
0.414661939990524 -0.220660626354672
0.423654799338905 -0.265958668997659
0.437587211262693 -0.456264400611467
0.461479362252932 -0.530019272706821
0.521848321750072 -0.864814490295961
0.528894919752904 -0.994626747097012
0.544883182996897 -0.874586034457323
0.548813503927325 -0.834070544957313
0.568044561093932 -0.770906492007049
0.602763376071644 -0.834761832158033
0.639921021327524 -1.03080066804365
0.645894113066656 -1.02544303475765
0.715189366372419 -1.07882679779972
0.77815675094985 -1.00713288245781
0.780529176286455 -1.03009698244867
0.791725038082665 -0.636239221278567
0.799158564216724 -0.86230651657134
0.832619845547938 -0.753287667122276
0.870012148246819 -0.700237950272853
0.89177300078208 -0.41043494755897
0.925596638292661 -0.504867666285816
0.944668917049584 -0.279071170018378
0.963662760501029 -0.259946277008817
0.978618342232764 -0.0618980362186229
};
\addlegendentry{Samples}
\addplot [semithick, tomato2369992]
table {%
0 31.4493169322857
0.0101010101010101 10.1857568960492
0.0202020202020202 1.09028679852193
0.0303030303030303 -1.71404790985591
0.0404040404040404 -1.69255656091324
0.0505050505050505 -0.740611536334246
0.0606060606060606 0.224449429733554
0.0707070707070707 0.858285215769556
0.0808080808080808 1.12184127090862
0.0909090909090909 1.11244369157658
0.101010101010101 0.96414588981186
0.111111111111111 0.795019537794865
0.121212121212121 0.684868316600685
0.131313131313131 0.671411729281491
0.141414141414141 0.75654398745483
0.151515151515152 0.916998888306185
0.161616161616162 1.1157997310303
0.171717171717172 1.31237535701569
0.181818181818182 1.47029111290653
0.191919191919192 1.56227108166476
0.202020202020202 1.57265393161627
0.212121212121212 1.49769421219383
0.222222222222222 1.34424702735429
0.232323232323232 1.12739962559386
0.242424242424242 0.86757259399894
0.252525252525253 0.58753254082816
0.262626262626263 0.309657530024463
0.272727272727273 0.053690883451889
0.282828282828283 -0.164881295251707
0.292929292929293 -0.335781587813262
0.303030303030303 -0.454246366828119
0.313131313131313 -0.520763241386948
0.323232323232323 -0.540355747131816
0.333333333333333 -0.521549701574958
0.343434343434343 -0.475160580802612
0.353535353535354 -0.413034145153024
0.363636363636364 -0.346856202973203
0.373737373737374 -0.287124695193842
0.383838383838384 -0.242350882566161
0.393939393939394 -0.218528874610701
0.404040404040404 -0.218886034529778
0.414141414141414 -0.243902780569687
0.424242424242424 -0.291570142845803
0.434343434343434 -0.357838154838891
0.444444444444444 -0.43719795354561
0.454545454545455 -0.523335857938282
0.464646464646465 -0.609797656808286
0.474747474747475 -0.690606515049939
0.484848484848485 -0.760786148147663
0.494949494949495 -0.816752421679912
0.505050505050505 -0.856549955041618
0.515151515151515 -0.879924063872085
0.525252525252525 -0.888232694541575
0.535353535353535 -0.884214831584604
0.545454545454546 -0.871644016190903
0.555555555555556 -0.8549024186316
0.565656565656566 -0.838516297352971
0.575757575757576 -0.826696113286079
0.585858585858586 -0.822922003058256
0.595959595959596 -0.829610851196112
0.606060606060606 -0.847893559908034
0.616161616161616 -0.877521065597893
0.626262626262626 -0.916906881680251
0.636363636363636 -0.963300250073434
0.646464646464647 -1.01307427470899
0.656565656565657 -1.06210131717241
0.666666666666667 -1.10617890355504
0.676767676767677 -1.14146638063109
0.686868686868687 -1.16488470656192
0.696969696969697 -1.17444149551308
0.707070707070707 -1.16943967488921
0.717171717171717 -1.15054726747191
0.727272727272727 -1.11971122172988
0.737373737373737 -1.07991802838957
0.747474747474748 -1.03481970873988
0.757575757575758 -0.988267870222689
0.767676767676768 -0.94379510131991
0.777777777777778 -0.904122965013148
0.787878787878788 -0.870758788262965
0.797979797979798 -0.843746052657725
0.808080808080808 -0.821643637096049
0.818181818181818 -0.801744089995982
0.828282828282828 -0.780560539638163
0.838383838383838 -0.754528628265025
0.848484848484849 -0.720838354503275
0.858585858585859 -0.678266988669993
0.868686868686869 -0.627799318706156
0.878787878787879 -0.572855637942911
0.888888888888889 -0.51888232079661
0.898989898989899 -0.47214000073588
0.909090909090909 -0.437694118892313
0.919191919191919 -0.416766212855936
0.929292929292929 -0.404103802119852
0.939393939393939 -0.386604593669535
0.94949494949495 -0.345199631129862
0.95959595959596 -0.263535545741679
0.96969696969697 -0.148189114009501
0.97979797979798 -0.0679684146991981
0.98989898989899 -0.222175644313456
1 -1.05192379799998
};
\addlegendentry{Modell}
\addplot [semithick, steelblue75129196, dashed]
table {%
0 1
0.0101010101010101 0.998867339183008
0.0202020202020202 0.995471922573085
0.0303030303030303 0.989821441880933
0.0404040404040404 0.981928697262707
0.0505050505050505 0.971811568323542
0.0606060606060606 0.959492973614497
0.0707070707070707 0.945000818714668
0.0808080808080808 0.928367933016073
0.0909090909090909 0.909631995354518
0.101010101010101 0.888835448654923
0.111111111111111 0.866025403784439
0.121212121212121 0.841253532831181
0.131313131313131 0.814575952050336
0.141414141414141 0.786053094742787
0.151515151515152 0.755749574354258
0.161616161616162 0.72373403810507
0.171717171717172 0.690079011482112
0.181818181818182 0.654860733945285
0.191919191919192 0.618158986220605
0.202020202020202 0.580056909571198
0.212121212121212 0.540640817455598
0.222222222222222 0.5
0.232323232323232 0.45822652172741
0.242424242424242 0.415415013001886
0.252525252525253 0.371662455660328
0.262626262626263 0.327067963317422
0.272727272727273 0.28173255684143
0.282828282828283 0.235758935509427
0.292929292929293 0.18925124436041
0.303030303030303 0.142314838273285
0.313131313131313 0.0950560433041826
0.323232323232323 0.0475819158237422
0.333333333333333 -1.60812264967664e-16
0.343434343434343 -0.0475819158237425
0.353535353535354 -0.0950560433041829
0.363636363636364 -0.142314838273285
0.373737373737374 -0.18925124436041
0.383838383838384 -0.235758935509427
0.393939393939394 -0.28173255684143
0.404040404040404 -0.327067963317422
0.414141414141414 -0.371662455660328
0.424242424242424 -0.415415013001886
0.434343434343434 -0.45822652172741
0.444444444444444 -0.5
0.454545454545455 -0.540640817455598
0.464646464646465 -0.580056909571198
0.474747474747475 -0.618158986220605
0.484848484848485 -0.654860733945285
0.494949494949495 -0.690079011482112
0.505050505050505 -0.72373403810507
0.515151515151515 -0.755749574354258
0.525252525252525 -0.786053094742788
0.535353535353535 -0.814575952050336
0.545454545454546 -0.841253532831181
0.555555555555556 -0.866025403784439
0.565656565656566 -0.888835448654924
0.575757575757576 -0.909631995354518
0.585858585858586 -0.928367933016073
0.595959595959596 -0.945000818714669
0.606060606060606 -0.959492973614497
0.616161616161616 -0.971811568323542
0.626262626262626 -0.981928697262707
0.636363636363636 -0.989821441880933
0.646464646464647 -0.995471922573085
0.656565656565657 -0.998867339183008
0.666666666666667 -1
0.676767676767677 -0.998867339183008
0.686868686868687 -0.995471922573085
0.696969696969697 -0.989821441880933
0.707070707070707 -0.981928697262707
0.717171717171717 -0.971811568323542
0.727272727272727 -0.959492973614497
0.737373737373737 -0.945000818714668
0.747474747474748 -0.928367933016073
0.757575757575758 -0.909631995354518
0.767676767676768 -0.888835448654923
0.777777777777778 -0.866025403784439
0.787878787878788 -0.841253532831181
0.797979797979798 -0.814575952050336
0.808080808080808 -0.786053094742787
0.818181818181818 -0.755749574354258
0.828282828282828 -0.72373403810507
0.838383838383838 -0.690079011482112
0.848484848484849 -0.654860733945285
0.858585858585859 -0.618158986220605
0.868686868686869 -0.580056909571198
0.878787878787879 -0.540640817455597
0.888888888888889 -0.5
0.898989898989899 -0.45822652172741
0.909090909090909 -0.415415013001886
0.919191919191919 -0.371662455660327
0.929292929292929 -0.327067963317421
0.939393939393939 -0.28173255684143
0.94949494949495 -0.235758935509427
0.95959595959596 -0.18925124436041
0.96969696969697 -0.142314838273285
0.97979797979798 -0.0950560433041825
0.98989898989899 -0.0475819158237419
1 -1.83697019872103e-16
};
\addlegendentry{Reale Funktion}
\end{groupplot}

\end{tikzpicture}
