% This file was created with tikzplotlib v0.10.1.
\begin{tikzpicture}

\definecolor{darkgray176}{RGB}{176,176,176}
\definecolor{lightgray204}{RGB}{204,204,204}
\definecolor{sandybrown24415397}{RGB}{244,153,97}
\definecolor{slateblue135104180}{RGB}{135,104,180}
\definecolor{steelblue75129196}{RGB}{75,129,196}
\definecolor{tomato2369992}{RGB}{236,99,92}

\begin{axis}[
legend cell align={left},
legend style={
  fill opacity=0.8,
  draw opacity=1,
  text opacity=1,
  at={(0.91,0.5)},
  anchor=east,
  draw=lightgray204
},
tick align=outside,
tick pos=left,
x grid style={darkgray176},
xlabel={Anzahl der Samples bei vorgegebener Baumtiefe},
xmin=-8.75, xmax=205.75,
xtick style={color=black},
y grid style={darkgray176},
ylabel={Genauigkeit},
ymin=0.756113796214465, ymax=0.895131784872588,
ytick style={color=black},
ytick={0.74,0.76,0.78,0.8,0.82,0.84,0.86,0.88,0.9},
yticklabels={{0,74},{0,76},{0,78},{0,80},{0,82},{0,84},{0,86},{0,88},{0,90}}
]
\addplot [semithick, tomato2369992]
table {%
1 0.871803652968037
6 0.871803652968037
11 0.871803652968037
16 0.871803652968037
21 0.871575342465753
26 0.871575342465753
31 0.871575342465753
36 0.871232876712329
41 0.870091324200913
46 0.870091324200913
51 0.870091324200913
56 0.869748858447489
61 0.868036529680365
66 0.865753424657534
71 0.863584474885845
76 0.863584474885845
81 0.863470319634703
86 0.863584474885845
91 0.863470319634703
96 0.863584474885845
101 0.863584474885845
106 0.863470319634703
111 0.863470319634703
116 0.862442922374429
121 0.862328767123288
126 0.860159817351598
131 0.859817351598174
136 0.859817351598174
141 0.859703196347032
146 0.858675799086758
151 0.8587899543379
156 0.858675799086758
161 0.857876712328767
166 0.855251141552511
171 0.85513698630137
176 0.855479452054794
181 0.855593607305936
186 0.854223744292237
191 0.854337899543379
196 0.854337899543379
};
\addlegendentry{Trainingsset a}
\addplot [semithick, steelblue75129196, dashed]
table {%
1 0.888013698630137
6 0.886301369863014
11 0.888698630136986
16 0.888013698630137
21 0.886986301369863
26 0.888812785388128
31 0.886187214611872
36 0.887899543378995
41 0.888812785388128
46 0.886301369863014
51 0.886187214611872
56 0.886986301369863
61 0.887899543378995
66 0.886301369863014
71 0.886187214611872
76 0.887899543378995
81 0.888013698630137
86 0.888013698630137
91 0.886872146118721
96 0.885159817351598
101 0.885958904109589
106 0.887785388127854
111 0.885159817351598
116 0.884474885844749
121 0.884474885844749
126 0.881392694063927
131 0.88310502283105
136 0.883219178082192
141 0.881392694063927
146 0.881506849315069
151 0.881506849315069
156 0.88310502283105
161 0.88310502283105
166 0.883219178082192
171 0.883904109589041
176 0.881506849315069
181 0.883219178082192
186 0.881506849315069
191 0.88310502283105
196 0.883219178082192
};
\addlegendentry{Trainingsset b}
\addplot [semithick, sandybrown24415397, dotted]
table {%
1 0.787298387096774
6 0.787298387096774
11 0.787298387096774
16 0.774865591397849
21 0.774865591397849
26 0.774865591397849
31 0.787298387096774
36 0.787298387096774
41 0.774865591397849
46 0.774865591397849
51 0.774865591397849
56 0.774865591397849
61 0.787298387096774
66 0.787298387096774
71 0.774865591397849
76 0.787298387096774
81 0.774865591397849
86 0.787298387096774
91 0.787298387096774
96 0.787298387096774
101 0.787298387096774
106 0.774865591397849
111 0.787298387096774
116 0.774865591397849
121 0.787298387096774
126 0.787298387096774
131 0.787298387096774
136 0.787298387096774
141 0.787298387096774
146 0.787298387096774
151 0.774865591397849
156 0.787298387096774
161 0.774865591397849
166 0.774865591397849
171 0.787298387096774
176 0.774865591397849
181 0.787298387096774
186 0.774865591397849
191 0.774865591397849
196 0.787298387096774
};
\addlegendentry{Testset a}
\addplot [semithick, slateblue135104180, dash pattern=on 1pt off 3pt on 3pt off 3pt]
table {%
1 0.774865591397849
6 0.776545698924731
11 0.763104838709677
16 0.774865591397849
21 0.777217741935484
26 0.775873655913978
31 0.765793010752688
36 0.763104838709677
41 0.775873655913978
46 0.77755376344086
51 0.777217741935484
56 0.764784946236559
61 0.775537634408602
66 0.77755376344086
71 0.764784946236559
76 0.776545698924731
81 0.762432795698925
86 0.763440860215054
91 0.763104838709677
96 0.777217741935484
101 0.778225806451613
106 0.763440860215054
111 0.765793010752688
116 0.776545698924731
121 0.775537634408602
126 0.777217741935484
131 0.776545698924731
136 0.763440860215054
141 0.764784946236559
146 0.765120967741935
151 0.776545698924731
156 0.775537634408602
161 0.764112903225806
166 0.774865591397849
171 0.764112903225806
176 0.764112903225806
181 0.763440860215054
186 0.776545698924731
191 0.775537634408602
196 0.763440860215054
};
\addlegendentry{Testset b}
\end{axis}

\end{tikzpicture}
